%YAML:1.0
labels: !!opencv-matrix
   rows: 143
   cols: 1
   dt: i
   data: [ 2, 2, 2, 2, 2, 2, 2, 2, 2, 2, 2, 2, 2, 2, 2, 2, 2, 2, 2, 2, 2,
       2, 2, 2, 2, 2, 2, 2, 2, 2, 2, 2, 2, 2, 2, 5, 5, 5, 5, 5, 5, 5, 5,
       5, 5, 5, 5, 5, 5, 5, 5, 5, 10, 10, 10, 10, 10, 10, 10, 10, 10, 10,
       10, 10, 10, 10, 10, 10, 10, 10, 10, 10, 20, 20, 20, 20, 20, 20,
       20, 20, 20, 20, 20, 20, 20, 20, 20, 20, 20, 20, 20, 20, 20, 20,
       50, 50, 50, 50, 50, 50, 50, 50, 50, 50, 50, 50, 50, 50, 50, 50,
       50, 50, 50, 50, 50, 50, 50, 50, 50, 100, 100, 100, 100, 100, 100,
       100, 100, 100, 100, 100, 100, 100, 100, 100, 100, 100, 100, 100,
       100, 100, 100, 100, 100 ]
